0 0.099583 0.710294 0.020833 0.138235
0 0.288750 0.750000 0.029167 0.147059
0 0.411667 0.616912 0.036667 0.136765
0 0.120833 0.677206 0.028333 0.148529
0 0.135417 0.461765 0.029167 0.120588
0 0.336250 0.675000 0.024167 0.135294
1 0.911250 0.694118 0.057500 0.302941
1 0.941667 0.796324 0.093333 0.333824
0 0.220833 0.484559 0.028333 0.107353
0 0.605000 0.626471 0.031667 0.117647
0 0.766667 0.441176 0.025000 0.126471
0 0.386667 0.433824 0.020000 0.079412
0 0.691250 0.358088 0.049167 0.077941
3 0.932500 0.283824 0.065000 0.320588
2 0.973750 0.448529 0.032500 0.147059
2 0.852500 0.661765 0.023333 0.158824
