2 0.5295672575599583 0.3279368029739777 0.05213764337851929 0.15400557620817845
2 0.5121376433785193 0.5987825278810408 0.10905630865484879 0.12474907063197026
2 0.6645307612095933 0.3812639405204461 0.03591240875912408 0.14426579925650557
1 0.8387747653806048 0.7931412639405204 0.18860792492179354 0.2803810408921933
1 0.8197653806047966 0.6282806691449814 0.20588633993743483 0.2836802973977695
3 0.916511991657977 0.37253717472118963 0.1659332638164755 0.3202788104089219
0 0.3652659019812305 0.3393587360594795 0.030224191866527632 0.10820631970260224
0 0.23927007299270073 0.3426951672862454 0.08666840458811262 0.054107806691449815
0 0.20239311783107403 0.22896840148698885 0.06587069864442127 0.08771375464684014
0 0.13547445255474452 0.5419423791821562 0.09301355578727842 0.0637267657992565
0 0.12034932221063609 0.6816449814126394 0.07376433785192908 0.07208178438661711