1 0.9072201722017221 0.43481927710843377 0.11167281672816728 0.4188704819277108
1 0.6385362853628537 0.4141265060240964 0.05618081180811808 0.4177560240963855
1 0.5117896678966789 0.42307228915662654 0.07536285362853629 0.4121686746987952
1 0.3523862238622386 0.47893072289156624 0.10094095940959409 0.4995180722891566
1 0.2992865928659286 0.6042018072289157 0.12309348093480935 0.47155120481927715
1 0.2005350553505535 0.649277108433735 0.2146248462484625 0.6129367469879519
2 0.09123616236162362 0.18650602409638556 0.08153136531365313 0.06655120481927711
2 0.2055350553505535 0.2340512048192771 0.07993234932349323 0.08668674698795181
2 0.24561500615006152 0.15015060240963857 0.08153136531365313 0.09563253012048192
2 0.35581180811808116 0.18007530120481927 0.06851168511685117 0.07941265060240964
2 0.5438745387453875 0.14316265060240965 0.0650861008610086 0.07046686746987951