0 0.194928 0.307814 0.082513 0.039071
0 0.276306 0.285639 0.054504 0.047518
0 0.360333 0.293031 0.045420 0.066526
0 0.350114 0.330517 0.084027 0.044351
0 0.117714 0.382788 0.065859 0.053854
0 0.046934 0.421331 0.092354 0.052798
0 0.039364 0.498944 0.077214 0.045407
0 0.024603 0.557550 0.047691 0.038015
0 0.225587 0.558606 0.086298 0.054910
0 0.249054 0.506864 0.096896 0.050686
0 0.237320 0.434002 0.088569 0.048574
0 0.388721 0.394931 0.080999 0.042239
0 0.489402 0.405491 0.052233 0.061246
0 0.437547 0.315206 0.028766 0.066526
0 0.543906 0.272439 0.053747 0.040127
0 0.630961 0.285639 0.028009 0.055966
2 0.644209 0.392291 0.059046 0.079197
2 0.731643 0.417635 0.056775 0.087645
2 0.743376 0.303062 0.031794 0.080253
1 0.776684 0.544351 0.137774 0.260824
1 0.803179 0.617212 0.177139 0.262936
2 0.831567 0.361140 0.035579 0.084477
1 0.958743 0.574446 0.082513 0.181626
1 0.971612 0.671067 0.056775 0.170011
3 0.960636 0.375924 0.078728 0.333685
3 0.898940 0.277191 0.079485 0.343189
