0 0.229231 0.823529 0.092308 0.268235
3 0.145385 0.324706 0.220000 0.644706
3 0.349231 0.350588 0.166154 0.550588
3 0.523077 0.330588 0.163077 0.571765
3 0.722308 0.328235 0.180000 0.623529
3 0.826923 0.568235 0.229231 0.529412
1 0.264615 0.724706 0.378462 0.376471
0 0.365385 0.814118 0.167692 0.127059
2 0.514615 0.809412 0.090769 0.367059
0 0.646923 0.867059 0.106154 0.185882
2 0.455385 0.780000 0.101538 0.303529
3 0.810000 0.344706 0.081538 0.247059
3 0.865385 0.349412 0.069231 0.237647
3 0.913846 0.358824 0.061538 0.237647
3 0.952308 0.336471 0.061538 0.183529
