0 0.131348 0.511111 0.061523 0.074074
0 0.189453 0.403704 0.042969 0.074074
0 0.246094 0.550000 0.052734 0.085185
0 0.256836 0.314815 0.041016 0.081481
0 0.279785 0.457407 0.049805 0.100000
0 0.338867 0.277778 0.031250 0.059259
0 0.361328 0.340741 0.048828 0.066667
0 0.431641 0.331481 0.039062 0.085185
2 0.557617 0.331481 0.019531 0.151852
2 0.621094 0.385185 0.025391 0.133333
1 0.704590 0.601852 0.079102 0.381481
1 0.717773 0.725926 0.076172 0.370370
1 0.802246 0.557407 0.067383 0.403704
2 0.879883 0.581481 0.072266 0.651852
