3 0.532601880877743 0.2863855421686747 0.1393939393939394 0.49417979610750695
3 0.7318704284221526 0.2823076923076923 0.09529780564263324 0.5082669138090824
1 0.9660397074190178 0.33362372567191845 0.06792058516196448 0.20682113067655236
2 0.9383490073145245 0.45580166821130674 0.12330198537095088 0.17315106580166822
2 0.706060606060606 0.4105560704355885 0.11849529780564264 0.1419740500463392
2 0.7144200626959248 0.4958572752548656 0.18537095088819228 0.19393883225208525
2 0.2296760710553814 0.37088044485634847 0.14169278996865203 0.1145041705282669
2 0.4518286311389759 0.422613531047266 0.14712643678160922 0.13270620945319742
0 0.5762800417972832 0.546468952734013 0.15569487983281086 0.15799814643188137
0 0.5132706374085685 0.6297219647822058 0.11118077324973877 0.12801668211306766
0 0.30929989550679204 0.9274328081556997 0.15464994775339602 0.14513438368860054
0 0.9482758620689655 0.7244670991658944 0.10344827586206896 0.15810936051899907