1 0.8309379885356957 0.6976578411405295 0.08870244919228765 0.25935845213849285
1 0.8003908285565399 0.6930753564154787 0.06947889525794686 0.2642973523421589
1 0.7644762897342365 0.7064765784114053 0.06551328817092235 0.23467413441955193
1 0.7035695674830641 0.6985437881873727 0.09167795726941115 0.2575967413441955
1 0.6816414799374674 0.7063849287169043 0.079588327253778 0.22214867617107945
1 0.5924439812402293 0.6885743380855397 0.09465867639395519 0.26764765784114053
1 0.5727253778009379 0.7072708757637474 0.06460656591974988 0.2415478615071283
2 0.5525742574257426 0.6505091649694501 0.030755601875977073 0.048930753564154786
0 0.13851485148514853 0.6182281059063137 0.06002084418968213 0.04117107942973523
0 0.15045336112558624 0.6117617107942973 0.05485669619593538 0.025081466395112016
0 0.2847733194372069 0.6298981670061099 0.054048983845753 0.0329837067209776
0 0.2704168837936425 0.6049796334012221 0.054372068785825955 0.027291242362525458
0 0.31506513809275666 0.6086150712830957 0.03154247003647733 0.025081466395112016
0 0.3840229286086504 0.6208655804480653 0.04238144867118291 0.032016293279022404
0 0.39233976029181866 0.6114052953156822 0.05117769671704012 0.02843177189409369
1 0.454794163626889 0.6786456211812627 0.039286086503387184 0.23732179226069247