1 0.9309196006305833 0.6363942307692307 0.08131371518654756 0.31814102564102564
1 0.9144245927482922 0.5950961538461538 0.06918549658434052 0.3150480769230769
1 0.7915974776668419 0.6658974358974359 0.09224382553862322 0.28849358974358974
1 0.7813189700472937 0.6154326923076923 0.07169206516027325 0.31599358974358976
3 0.7773620599054125 0.5264423076923077 0.07259064634787177 0.4254326923076924
1 0.6594167104571729 0.6787820512820513 0.0783920126116658 0.31028846153846157
1 0.6585286389910667 0.646698717948718 0.0766106148187073 0.3154647435897436
2 0.6129374671571204 0.5299038461538462 0.03205465055176038 0.0667147435897436
2 0.6498949027850762 0.44838141025641026 0.023526011560693644 0.042387820512820515
2 0.49561744613767733 0.4201923076923077 0.030352075669994743 0.05700320512820513
2 0.5697109826589596 0.5109134615384615 0.029185496584340515 0.08729166666666667
2 0.5527798213347347 0.4381410256410256 0.020099842354177614 0.05302884615384616
2 0.6045401996847084 0.43899038461538464 0.024503415659485026 0.07150641025641025
0 0.4497740409879138 0.48644230769230773 0.029527062532842877 0.04044871794871795
0 0.4036363636363636 0.451073717948718 0.030042038885969524 0.033365384615384616
0 0.3730530740935365 0.39237179487179485 0.02745139253809774 0.05931089743589743
0 0.4138885969521808 0.5057211538461538 0.044414083026799785 0.03881410256410256
0 0.41126642143983183 0.5817788461538461 0.04529689963215975 0.041346153846153845
0 0.4094272201786653 0.5419871794871794 0.04570677877036259 0.034471153846153846
0 0.3590909090909091 0.46685897435897433 0.039033105622701 0.040032051282051284
0 0.33994745139253807 0.49408653846153844 0.03753547031003679 0.048782051282051285
0 0.3179453494482396 0.4153365384615385 0.027588018917498687 0.03666666666666667
0 0.3147083552285864 0.5574679487179487 0.04223331581713085 0.03842948717948718
0 0.31072517078297424 0.5828205128205128 0.04039411455596427 0.03927884615384616
0 0.30279033105622705 0.4981410256410256 0.03882816605359958 0.0340224358974359
0 0.2628428796636889 0.4191826923076923 0.04179190751445087 0.036618589743589745
0 0.24658959537572253 0.45621794871794874 0.04305832895428271 0.03987179487179487
0 0.21314240672622176 0.4857692307692308 0.04186547556489753 0.05028846153846154
0 0.1899579611140305 0.5088942307692308 0.04307409353652128 0.04429487179487179
0 0.19071991592222806 0.5542788461538461 0.04966894377299001 0.04801282051282051
0 0.17632159747766685 0.5911378205128205 0.03990015764582239 0.03467948717948718
0 0.08802942722017867 0.5341185897435897 0.04847083552285864 0.04136217948717948
0 0.06423541776142933 0.5825480769230769 0.04853914871255912 0.046538461538461535