0 0.3758989056800417 0.6145139813581891 0.02541427826993226 0.1617310252996005
0 0.27366336633663363 0.65508655126498 0.0234549244398124 0.15896138482023967
0 0.22013548723293383 0.7328628495339548 0.024689942678478377 0.16058588548601863
0 0.15510161542470036 0.6172303595206392 0.02383011985409067 0.15937416777629826
0 0.09840020844189683 0.6726364846870838 0.028134445023449715 0.16748335552596538
1 0.5215216258467952 0.6491611185086551 0.04821782178217822 0.4222769640479361
1 0.5857113079729026 0.6762583222370173 0.045601875977071396 0.4167643142476698
1 0.7112714955706098 0.6314780292942743 0.047003647733194376 0.4025832223701731
1 0.7509171443460135 0.663728362183755 0.0409431995831162 0.3912250332889481
2 0.6702657634184471 0.7060719041278295 0.028082334549244397 0.1850998668442077
2 0.8334861907243356 0.7329427430093209 0.029192287649817614 0.18194407456724365
2 0.7814747264200105 0.6257523302263649 0.025356956748306406 0.1888415446071904
2 0.9342626367899948 0.7106391478029295 0.02877019280875456 0.1866977363515313
2 0.8953152683689422 0.620878828229028 0.03041167274622199 0.18201065246338216
3 0.9730380406461698 0.6279094540612516 0.053918707660239706 0.5242609853528629