3 0.9331891610213653 0.5847894103489771 0.0978165711307973 0.3196630565583634
3 0.9286086503387181 0.5187725631768954 0.07539343408025014 0.31889290012033694
3 0.9187389265242314 0.4750060168471721 0.07776446065659197 0.2678098676293622
3 0.8116102136529443 0.49998796630565584 0.05360604481500782 0.27766546329723224
3 0.8343460135487233 0.5271600481347773 0.06812923397602919 0.2773164861612515
1 0.817529963522668 0.7494344163658243 0.09386659718603439 0.25697954271961493
1 0.7869775924960918 0.8196630565583634 0.09023449713392391 0.22599277978339352
1 0.7953465346534654 0.6325511432009626 0.05771235018238666 0.23826714801444043
1 0.8050964043772798 0.7022984356197353 0.07847316310578427 0.20823104693140793
1 0.5531631057842626 0.7328038507821901 0.06553413236060449 0.2322864019253911
1 0.6564669098488796 0.7658122743682311 0.08758207399687337 0.22287605294825513
2 0.5034705575820739 0.5610469314079423 0.012746221990620116 0.06935018050541517
2 0.5565763418447107 0.5118170878459687 0.02164147993746743 0.0638748495788207
2 0.5612610734757686 0.5660770156438026 0.028921313183949974 0.06184115523465704
2 0.6143460135487233 0.5247894103489772 0.020943199583116204 0.05365824308062576
2 0.6331787389265242 0.4886401925391095 0.016263678999478896 0.04512635379061372
2 0.6864147993746743 0.5019374247894104 0.023319437206878582 0.046907340553549934
2 0.7242365815528921 0.5214320096269555 0.019791558103178737 0.07173285198555956
2 0.6723397602918186 0.5923104693140794 0.04917144346013549 0.06469314079422382
2 0.6540437727983324 0.5490734055354993 0.014424179260031266 0.049061371841155235
2 0.7475924960917145 0.5463176895306859 0.03521104742053152 0.048892900120336945
2 0.5856539864512766 0.46534296028880867 0.013887441375716519 0.046353790613718415
0 0.36173527879103695 0.5492178098676294 0.024054194893173526 0.053381468110709984
0 0.38183949973944764 0.5074007220216606 0.023757165190203232 0.04388688327316486
0 0.37991662324127146 0.45057761732851986 0.02682126107347577 0.035174488567990374
0 0.478754559666493 0.48161251504211794 0.010125065138092757 0.03336943441636583
0 0.49134966128191765 0.5108182912154031 0.012595101615424702 0.04617328519855595
0 0.3239760291818656 0.5201805054151625 0.026081292339760292 0.046630565583634175
0 0.3434392912975508 0.46495788206979544 0.03141219385096405 0.027424789410348975
0 0.28162584679520586 0.4881107099879663 0.02925482021886399 0.04042117930204573
0 0.24374153204794163 0.5057521058965102 0.03737363210005211 0.050517448856799034
0 0.22273579989577905 0.5769554753309266 0.03900990099009901 0.03543922984356197
0 0.18665971860343927 0.5274849578820697 0.030964043772798332 0.04359807460890493
0 0.19501302761855133 0.44044524669073404 0.025164147993746742 0.04117930204572804
0 0.15624283480979675 0.3838146811070999 0.03560187597707139 0.03342960288808664
0 0.15044293903074518 0.51 0.028097967691505993 0.03696750902527075
0 0.15163626889004692 0.5454512635379061 0.04207920792079208 0.035415162454873646
0 0.13386138613861387 0.4292298435619735 0.02941636268890047 0.04850782190132371
0 0.08503908285565398 0.5228519855595668 0.04528400208441897 0.032647412755716004
0 0.08180302240750391 0.4675932611311673 0.03226680562793122 0.044283995186522256
0 0.03574778530484627 0.49347773766546327 0.03724335591453882 0.03766546329723225