3 0.8638810198300283 0.5471468531468531 0.058736543909348446 0.4644895104895105
1 0.9186402266288952 0.6993286713286713 0.09401699716713881 0.3434825174825175
1 0.7594674220963173 0.7306853146853147 0.12073087818696884 0.34324475524475523
1 0.7520736543909349 0.658923076923077 0.06108215297450425 0.34572027972027974
2 0.7727705382436261 0.47330069930069935 0.025796033994334278 0.08020979020979022
2 0.658056657223796 0.5366433566433566 0.049252124645892355 0.1187832167832168
2 0.6799320113314448 0.4315104895104895 0.046498583569405096 0.09731468531468532
0 0.5396147308781869 0.4453706293706294 0.029728045325779037 0.06625174825174825
2 0.4677450424929179 0.5078601398601399 0.06671954674220963 0.08700699300699301
0 0.5022606232294617 0.4901958041958042 0.028770538243626062 0.05446153846153846
0 0.4508838526912181 0.43006993006993005 0.03018130311614731 0.06902097902097902
0 0.4143172804532578 0.5018601398601399 0.03127478753541077 0.04552447552447552
0 0.36496317280453255 0.4465034965034965 0.048118980169971674 0.05969230769230769
0 0.3321643059490085 0.5719580419580419 0.06393767705382436 0.0639020979020979
0 0.29748441926345603 0.6100979020979022 0.05164305949008499 0.04942657342657343
0 0.2152067988668555 0.5546153846153846 0.059694050991501414 0.05683916083916084
0 0.1891558073654391 0.5960559440559441 0.049915014164305944 0.038839160839160836
0 0.11267422096317281 0.5281258741258742 0.063342776203966 0.0579020979020979
0 0.07465155807365438 0.565020979020979 0.05186968838526912 0.03493706293706294