1 0.6141844710786868 0.7173134328358209 0.07052631578947369 0.350547263681592
1 0.7436998436685774 0.673407960199005 0.06026576341844711 0.30973880597014924
1 0.794361646690985 0.7232960199004975 0.09852527357998958 0.3056592039800995
2 0.6702240750390829 0.7199004975124378 0.030156331422615944 0.08475124378109453
2 0.6610734757686294 0.7606218905472636 0.06336112558624284 0.09866915422885572
2 0.8107556018759771 0.682276119402985 0.03540906722251173 0.07420398009950248
2 0.8119385096404377 0.7416417910447761 0.06692027097446586 0.08981343283582088
2 0.9320270974465867 0.7308084577114429 0.07056800416883793 0.054315920398009955
2 0.9398749348619072 0.675597014925373 0.053251693590411674 0.06827114427860696
3 0.9123762376237623 0.6246517412935324 0.08816050026055237 0.47710199004975123
3 0.8175977071391349 0.5807213930348258 0.0891558103178739 0.4464676616915423
1 0.5549192287649818 0.5946890547263681 0.034747264200104225 0.2506343283582089
1 0.6446169880145909 0.6080223880597015 0.06069828035435123 0.23151741293532335
0 0.48336112558624283 0.5188308457711442 0.023861386138613862 0.09084577114427861
0 0.4359041167274622 0.6153855721393034 0.04671704012506514 0.049888059701492536
0 0.42596664929650857 0.5677985074626866 0.018202188639916624 0.04694029850746269
0 0.35809796769150604 0.587039800995025 0.029890568004168838 0.06478855721393036
0 0.3826003126628453 0.6444527363184079 0.05246482542991142 0.055845771144278605
0 0.33672225117248566 0.5185199004975124 0.028316831683168318 0.05516169154228856
0 0.24824387701928088 0.604092039800995 0.04918707660239708 0.04870646766169154
0 0.2794893173527879 0.6007338308457711 0.049890568004168835 0.05692786069651742
0 0.2732725377800938 0.5335074626865671 0.036675351745700885 0.04941542288557214
0 0.2511776967170401 0.6747512437810945 0.05896300156331423 0.046330845771144276
0 0.2404637832204273 0.7325373134328359 0.042230328295987496 0.04431592039800995
0 0.14134966128191767 0.5994651741293533 0.05729546638874414 0.05511194029850747
0 0.1286920270974466 0.6921268656716418 0.05418447107868682 0.06284825870646767
0 0.08399687337154768 0.6884825870646766 0.04141740489838458 0.07013681592039801