0 0.145508 0.871512 0.136719 0.110132
0 0.331543 0.697504 0.135742 0.070485
0 0.132324 0.616740 0.059570 0.082232
0 0.166992 0.576358 0.103516 0.051395
0 0.084961 0.424376 0.062500 0.058737
2 0.197266 0.500734 0.126953 0.085169
2 0.408691 0.488253 0.125977 0.104258
0 0.316895 0.930250 0.055664 0.136564
0 0.958984 0.759178 0.082031 0.073421
0 0.816895 0.643172 0.057617 0.038179
2 0.512695 0.466226 0.132812 0.060206
2 0.328125 0.439060 0.123047 0.061674
3 0.132812 0.304699 0.091797 0.301028
3 0.240723 0.306167 0.084961 0.254038
3 0.383301 0.303965 0.100586 0.252570
3 0.494141 0.306167 0.076172 0.256975
3 0.507812 0.245962 0.052734 0.160059
3 0.634277 0.292217 0.071289 0.214391
1 0.584473 0.467695 0.051758 0.095448
1 0.688477 0.567548 0.111328 0.254038
1 0.766113 0.477239 0.055664 0.287812
1 0.403809 0.405286 0.059570 0.143906
1 0.685547 0.385463 0.029297 0.101322
