0 0.134570 0.767428 0.073047 0.090217
0 0.064453 0.665495 0.122656 0.064441
0 0.053711 0.504394 0.095703 0.058582
0 0.127148 0.408026 0.126953 0.061511
0 0.157422 0.335384 0.105469 0.054482
0 0.259180 0.268307 0.093359 0.065612
0 0.463086 0.303163 0.105859 0.056825
0 0.424805 0.403632 0.099609 0.065612
0 0.312695 0.553896 0.103516 0.065026
0 0.650391 0.565026 0.050000 0.063855
0 0.658398 0.346514 0.097266 0.061511
0 0.563867 0.470123 0.091016 0.066198
0 0.742188 0.288225 0.109375 0.073814
0 0.906641 0.269772 0.125000 0.074400
2 0.918164 0.236673 0.124609 0.080844
