0 0.127273 0.420765 0.072727 0.043716
0 0.232727 0.524590 0.080000 0.076503
0 0.187273 0.412568 0.061818 0.049180
0 0.365455 0.374317 0.047273 0.049180
0 0.285455 0.385246 0.069091 0.071038
0 0.350909 0.489071 0.054545 0.060109
0 0.472727 0.374317 0.050909 0.060109
0 0.450909 0.456284 0.029091 0.071038
0 0.560000 0.423497 0.036364 0.071038
1 0.569091 0.784153 0.090909 0.202186
1 0.740000 0.814208 0.076364 0.207650
1 0.592727 0.734973 0.080000 0.180328
1 0.789091 0.707650 0.065455 0.169399
2 0.658182 0.426230 0.036364 0.098361
2 0.736364 0.434426 0.076364 0.081967
2 0.794545 0.521858 0.061818 0.092896
3 0.836364 0.614754 0.072727 0.333333
