3 0.240417 0.447794 0.095833 0.360294
3 0.350417 0.422794 0.102500 0.342647
3 0.479583 0.370588 0.119167 0.347059
3 0.619167 0.329412 0.083333 0.352941
3 0.359167 0.579412 0.138333 0.347059
3 0.464583 0.545588 0.109167 0.391176
3 0.586250 0.521324 0.110833 0.351471
3 0.711250 0.475735 0.085833 0.345588
0 0.361250 0.784559 0.067500 0.033824
0 0.421250 0.755882 0.067500 0.032353
0 0.398750 0.765441 0.079167 0.048529
0 0.582083 0.715441 0.074167 0.036765
0 0.557500 0.722794 0.078333 0.025000
0 0.525000 0.748529 0.055000 0.044118
0 0.702917 0.748529 0.067500 0.044118
0 0.747500 0.680882 0.070000 0.050000
0 0.739167 0.714706 0.073333 0.052941
0 0.871667 0.661029 0.061667 0.045588
1 0.920000 0.746324 0.075000 0.198529
1 0.966250 0.702206 0.067500 0.269118
0 0.864583 0.708824 0.052500 0.044118
1 0.621667 0.674265 0.065000 0.116176
1 0.789583 0.685294 0.049167 0.085294
