1 0.7062081784386617 0.708636926889715 0.07143388210302708 0.2064807930607187
1 0.6181147105682422 0.7795167286245354 0.07668613913967075 0.27219330855018586
1 0.628024429102496 0.8215613382899628 0.08746149761019649 0.2538537794299876
1 0.7720552310143388 0.8098389095415117 0.09936802973977696 0.2536926889714994
1 0.7332448220924057 0.781276332094176 0.0871959638874137 0.258636926889715
1 0.8496016994158258 0.754460966542751 0.07935209771640998 0.24251548946716234
1 0.8768560807222516 0.7920074349442379 0.08676579925650557 0.2680049566294919
0 0.11361125862984599 0.7425650557620818 0.04831651619755709 0.05050805452292441
0 0.11613382899628254 0.6917100371747212 0.04266064790228359 0.03370508054522924
0 0.19335103558151884 0.7595167286245352 0.0495432819968136 0.04516728624535316
0 0.14919808815719596 0.671363073110285 0.04916091343600637 0.04012391573729864
0 0.19713223579394581 0.6362949194547708 0.048698884758364314 0.035997521685254025
0 0.23046733935209773 0.7327509293680298 0.04808815719596388 0.055861214374225525
2 0.5419383961763145 0.6643122676579926 0.04485926712692512 0.05110285006195787
2 0.5770631970260223 0.6317719950433704 0.033281996813595324 0.05390334572490706
2 0.5972809346787042 0.6976456009913259 0.023398831651619757 0.07955390334572492
2 0.6395326606479023 0.6427385377942999 0.012124269782262347 0.04330855018587361
0 0.25969198088157197 0.7026641883519207 0.04329261816250664 0.06723667905824039
0 0.25688263409453 0.6294671623296159 0.03335634625597451 0.04426270136307311
0 0.29563993627190654 0.6695291201982652 0.035300053106744556 0.04882280049566295
0 0.3472437599575146 0.706815365551425 0.04782262347318109 0.03272614622057001
0 0.3205788635156665 0.612453531598513 0.026882634094530004 0.037955390334572486
0 0.3636537440254912 0.639541511771995 0.03314391927774827 0.03418835192069393
0 0.4061922464152947 0.6804956629491945 0.044800849707912906 0.0430359355638166
0 0.4281571959638874 0.6372738537794299 0.02504514073287307 0.04477075588599753
0 0.39577270313329793 0.5857496902106567 0.029362719065321296 0.034919454770755885
0 0.5024322889006904 0.6380297397769517 0.018135953266064788 0.04125154894671623
0 0.06374933616569305 0.7584758364312268 0.042209240573552846 0.030235439900867408
3 0.8266542750929368 0.6040396530359355 0.04046202867764206 0.2545724907063197
3 0.7725066383430697 0.5488847583643123 0.03561338289962825 0.23268897149938042
3 0.6823579394583112 0.5903717472118959 0.04481147105682422 0.21944237918215614