2 0.8884281984334204 0.633166904422254 0.029650130548302872 0.054194008559201146
2 0.8417754569190601 0.5676747503566334 0.025900783289817233 0.08099857346647646
2 0.755289817232376 0.5186162624821683 0.01726892950391645 0.03980028530670471
2 0.7070026109660574 0.5862196861626248 0.031676240208877285 0.07255349500713267
2 0.7301932114882507 0.6460912981455065 0.034715404699738904 0.0491583452211127
1 0.6471592689295039 0.5774607703281027 0.05902349869451697 0.21313837375178316
1 0.659686684073107 0.5075320970042796 0.04121148825065274 0.16416547788873037
1 0.5699007832898172 0.5407703281027104 0.029650130548302872 0.22057061340941514
3 0.5595352480417755 0.41604850213980027 0.030480417754569188 0.31922967189728957
3 0.4343498694516971 0.3916833095577746 0.03634464751958224 0.2910699001426533
0 0.47605221932114883 0.4926533523537803 0.027634464751958226 0.053708987161198284
0 0.37377545691906006 0.46196861626248215 0.02864229765013055 0.04599144079885878
0 0.3914986945169713 0.5109272467902997 0.03768668407310705 0.03650499286733238
0 0.3176866840731071 0.5522396576319544 0.033362924281984334 0.041683309557774606
0 0.2939007832898173 0.4891012838801712 0.03673629242819843 0.04085592011412268
0 0.21116971279373367 0.5269472182596291 0.036308093994778065 0.034222539229671896
0 0.27581723237597916 0.5991012838801713 0.03214621409921671 0.02955777460770328
0 0.10087728459530027 0.5260912981455065 0.036093994778067885 0.02680456490727532
0 0.1711070496083551 0.4851925820256776 0.02664229765013055 0.02195435092724679
0 0.14594778067885117 0.595435092724679 0.03838642297650131 0.03115549215406562