1 0.051740 0.155616 0.101648 0.162382
1 0.231227 0.154601 0.125458 0.168471
1 0.400183 0.204330 0.133700 0.175913
1 0.536172 0.263870 0.185897 0.171854
1 0.680861 0.312585 0.206044 0.228687
1 0.078755 0.317321 0.122711 0.242219
1 0.836538 0.372463 0.268315 0.191475
1 0.845696 0.468539 0.308608 0.194181
1 0.837912 0.561570 0.291209 0.162382
1 0.804029 0.698917 0.282051 0.090663
1 0.567766 0.765900 0.199634 0.093369
1 0.243132 0.881935 0.292125 0.137348
1 0.186355 0.562246 0.284799 0.202977
1 0.243590 0.431664 0.201465 0.159675
1 0.325092 0.308187 0.161172 0.125169
