3 0.1686686567164179 0.2026266416510319 0.06669253731343283 0.3600375234521576
1 0.4027761194029851 0.5791744840525328 0.05008955223880597 0.41046904315196997
0 0.532979104477612 0.4226454033771107 0.05368358208955224 0.11305816135084427
0 0.9090686567164179 0.5076547842401501 0.07132537313432835 0.05669793621013133
0 0.7390149253731343 0.5381425891181989 0.07030447761194031 0.07810506566604128
0 0.7398686567164179 0.5001688555347091 0.043749253731343286 0.06525328330206379
0 0.7445492537313432 0.41885553470919323 0.01804179104477612 0.06954971857410881
0 0.7652298507462687 0.32604127579737335 0.017194029850746268 0.07114446529080676
0 0.9071104477611941 0.45896810506566604 0.02791641791044776 0.05669793621013133
0 0.6710149253731343 0.3840900562851782 0.032340298507462686 0.08345215759849905
0 0.6789313432835821 0.3348780487804878 0.020256716417910447 0.08772983114446528
1 0.30083582089552235 0.6066791744840525 0.05197014925373134 0.4140525328330206
0 0.29474626865671644 0.5140525328330207 0.060871641791044775 0.07577861163227018
1 0.21 0.4728517823639775 0.04822686567164179 0.2876735459662289
0 0.0760955223880597 0.5195121951219511 0.0542089552238806 0.06150093808630394
0 0.11457910447761194 0.49217636022514066 0.06623880597014925 0.09611632270168854
0 0.11399999999999999 0.39675422138836774 0.046817910447761193 0.05649155722326454