0 0.058621 0.441071 0.056552 0.046429
0 0.084828 0.417857 0.042759 0.050000
0 0.136552 0.475000 0.055172 0.050000
0 0.153103 0.375000 0.041379 0.042857
0 0.180690 0.444643 0.041379 0.075000
0 0.244138 0.492857 0.060690 0.071429
0 0.308276 0.489286 0.051034 0.071429
0 0.204828 0.337500 0.037241 0.067857
0 0.239310 0.423214 0.042759 0.082143
0 0.270345 0.344643 0.027586 0.053571
0 0.355862 0.346429 0.030345 0.057143
0 0.469655 0.453571 0.020690 0.078571
0 0.427586 0.341071 0.027586 0.067857
0 0.514483 0.337500 0.019310 0.046429
0 0.538621 0.421429 0.017931 0.078571
0 0.559310 0.475000 0.023448 0.092857
0 0.594483 0.348214 0.022069 0.075000
0 0.663448 0.428571 0.033103 0.085714
0 0.598621 0.455357 0.041379 0.089286
2 0.716552 0.485714 0.034483 0.121429
2 0.784138 0.407143 0.034483 0.078571
1 0.555172 0.685714 0.097931 0.278571
1 0.724138 0.726786 0.093793 0.310714
1 0.760690 0.582143 0.045517 0.157143
1 0.767586 0.496429 0.042759 0.121429
1 0.593103 0.530357 0.071724 0.160714
3 0.920690 0.462500 0.097931 0.467857
3 0.942759 0.464286 0.051034 0.450000
3 0.952414 0.578571 0.075862 0.507143
